2024-04-10 16:28:34: Adafruit MPR121 Capacitive Touch sensor test
2024-04-10 16:28:34: MPR121 found!
2024-04-10 16:28:34: 0	0	0	1	0	0	2	0	192	3	126	96	4	202	192	5	127	96	6	116	96	7	143	128	8	369	352	9	357	352	10	330	320	11	306	288
2024-04-10 16:28:34: 0	129	128	1	159	128	2	221	192	3	126	96	4	203	192	5	127	96	6	116	96	7	143	128	8	369	352	9	357	356	10	330	320	11	306	288
2024-04-10 16:28:34: 0	129	128	1	159	128	2	221	192	3	126	96	4	203	192	5	127	100	6	116	100	7	143	132	8	369	356	9	357	356	10	330	324	11	306	292
2024-04-10 16:28:34: 0	129	128	1	159	132	2	220	196	3	126	100	4	203	196	5	127	100	6	117	100	7	143	132	8	369	356	9	357	356	10	330	324	11	306	292
2024-04-10 16:28:34: 0	129	128	1	160	132	2	221	196	3	126	100	4	203	200	5	127	100	6	116	100	7	143	136	8	369	360	9	357	356	10	330	328	11	306	296
2024-04-10 16:28:34: 0	129	128	1	159	136	2	221	200	3	126	104	4	203	200	5	127	104	6	116	104	7	143	136	8	369	360	9	357	356	10	330	328	11	306	296
2024-04-10 16:28:34: 0	129	128	1	159	136	2	221	200	3	126	104	4	203	200	5	127	104	6	116	104	7	143	136	8	369	360	9	357	356	10	330	328	11	306	300
2024-04-10 16:28:34: 0	129	128	1	159	140	2	220	204	3	126	108	4	203	200	5	127	108	6	116	108	7	143	140	8	369	364	9	357	356	10	330	328	11	306	300
2024-04-10 16:28:34: 0	129	128	1	159	140	2	221	204	3	126	108	4	202	200	5	127	108	6	116	108	7	143	140	8	369	368	9	357	356	10	330	328	11	306	304
2024-04-10 16:28:35: 0	129	128	1	159	144	2	221	208	3	126	112	4	203	200	5	127	112	6	116	112	7	143	140	8	369	368	9	357	356	10	330	328	11	306	304
2024-04-10 16:28:35: 0	129	128	1	160	144	2	221	208	3	126	112	4	202	200	5	127	112	6	116	116	7	143	140	8	369	368	9	357	356	10	330	328	11	306	304
2024-04-10 16:28:35: 0	129	128	1	159	148	2	221	212	3	126	116	4	202	200	5	127	116	6	116	116	7	144	140	8	369	368	9	357	356	10	330	328	11	306	304
2024-04-10 16:28:35: 0	129	128	1	159	148	2	221	212	3	126	116	4	203	200	5	127	116	6	116	116	7	143	140	8	369	368	9	357	356	10	330	328	11	306	304
2024-04-10 16:28:35: 0	129	128	1	159	152	2	221	220	3	126	120	4	202	200	5	127	120	6	116	116	7	143	140	8	369	368	9	357	356	10	330	328	11	306	304
2024-04-10 16:28:35: 0	129	128	1	159	152	2	221	220	3	126	124	4	203	200	5	127	120	6	116	116	7	143	140	8	369	368	9	357	356	10	330	328	11	306	304
2024-04-10 16:28:35: 0	129	128	1	159	156	2	221	220	3	126	124	4	203	200	5	127	124	6	116	116	7	143	140	8	369	368	9	357	356	10	330	328	11	306	304
2024-04-10 16:28:35: 0	129	128	1	159	156	2	221	220	3	126	124	4	202	200	5	127	124	6	116	116	7	144	140	8	369	368	9	357	356	10	330	328	11	306	304
2024-04-10 16:28:35: 0	129	128	1	159	156	2	221	220	3	126	124	4	202	200	5	127	124	6	116	116	7	144	140	8	369	368	9	357	356	10	330	328	11	306	304
2024-04-10 16:28:36: 0	129	128	1	159	156	2	221	220	3	126	124	4	203	200	5	127	124	6	116	116	7	143	140	8	369	368	9	357	356	10	330	328	11	306	304
2024-04-10 16:28:36: 0	129	128	1	159	156	2	221	220	3	126	124	4	203	200	5	127	124	6	116	116	7	144	140	8	369	368	9	357	356	10	330	328	11	306	304
2024-04-10 16:28:36: 0	129	128	1	159	156	2	221	220	3	126	124	4	203	200	5	127	124	6	116	116	7	143	140	8	369	368	9	357	356	10	330	328	11	306	304
2024-04-10 16:28:36: 0	129	128	1	160	156	2	221	220	3	126	124	4	203	200	5	127	124	6	116	116	7	143	140	8	369	368	9	357	356	10	330	328	11	306	304
2024-04-10 16:28:36: 0	129	128	1	159	156	2	221	220	3	126	124	4	203	200	5	127	124	6	116	116	7	143	140	8	369	368	9	357	356	10	330	328	11	306	304
2024-04-10 16:28:36: 0	129	128	1	159	156	2	221	220	3	126	124	4	203	200	5	127	124	6	116	116	7	143	140	8	369	368	9	357	356	10	330	328	11	306	304
2024-04-10 16:28:36: 0	129	128	1	159	156	2	221	220	3	126	124	4	203	200	5	127	124	6	116	116	7	145	144	8	369	368	9	357	356	10	330	328	11	306	304
2024-04-10 16:28:36: 0	129	128	1	159	156	2	221	220	3	126	124	4	203	200	5	127	124	6	116	116	7	143	140	8	369	368	9	357	356	10	330	328	11	306	304
2024-04-10 16:28:37: 0	129	128	1	159	156	2	221	220	3	126	124	4	203	200	5	127	124	6	116	116	7	143	140	8	369	368	9	357	356	10	330	328	11	306	304
2024-04-10 16:28:37: 0	129	128	1	159	156	2	221	220	3	126	124	4	203	200	5	127	124	6	116	116	7	143	140	8	369	368	9	358	356	10	330	328	11	306	304
2024-04-10 16:28:37: 0	129	128	1	159	156	2	221	220	3	126	124	4	203	200	5	127	124	6	116	116	7	143	140	8	369	368	9	357	356	10	330	328	11	306	304
2024-04-10 16:28:37: 0	129	128	1	159	156	2	221	220	3	126	124	4	203	200	5	127	124	6	116	116	7	143	140	8	369	368	9	357	356	10	330	328	11	306	304
2024-04-10 16:28:37: 0	129	128	1	159	156	2	221	220	3	126	124	4	203	200	5	127	124	6	116	116	7	143	140	8	369	368	9	357	356	10	330	328	11	306	304
2024-04-10 16:28:37: 0	129	128	1	159	156	2	221	220	3	126	124	4	203	200	5	127	124	6	116	116	7	143	140	8	369	368	9	357	356	10	330	328	11	306	304
2024-04-10 16:28:37: 0	129	128	1	159	156	2	221	220	3	126	124	4	203	200	5	127	124	6	116	116	7	143	140	8	369	368	9	357	356	10	330	328	11	306	304
2024-04-10 16:28:37: 0	129	128	1	159	156	2	221	220	3	126	124	4	203	200	5	127	124	6	117	116	7	143	140	8	369	368	9	357	356	10	330	328	11	306	304
2024-04-10 16:28:37: 0	129	128	1	159	156	2	221	220	3	126	124	4	203	200	5	127	124	6	116	116	7	143	140	8	369	368	9	357	356	10	330	328	11	306	304
2024-04-10 16:28:38: 0	129	128	1	159	156	2	221	220	3	126	124	4	203	200	5	127	124	6	116	116	7	143	140	8	369	368	9	357	356	10	330	328	11	306	304
2024-04-10 16:28:38: 0	129	128	1	159	156	2	222	220	3	126	124	4	203	200	5	127	124	6	116	116	7	143	140	8	369	368	9	357	356	10	330	328	11	306	304
2024-04-10 16:28:38: 0	129	128	1	159	156	2	221	220	3	126	124	4	204	200	5	127	124	6	116	116	7	143	140	8	369	368	9	357	356	10	330	328	11	306	304
2024-04-10 16:28:38: 0	129	128	1	159	156	2	221	220	3	126	124	4	202	200	5	127	124	6	116	116	7	144	140	8	369	368	9	357	356	10	331	328	11	306	304
2024-04-10 16:28:38: 0	129	128	1	159	156	2	221	220	3	126	124	4	203	200	5	127	124	6	116	116	7	143	140	8	369	368	9	357	356	10	330	328	11	306	304
2024-04-10 16:28:38: 0	129	128	1	159	156	2	221	220	3	126	124	4	202	200	5	127	124	6	116	116	7	144	140	8	369	368	9	357	356	10	330	328	11	306	304
2024-04-10 16:28:38: 0	129	128	1	159	156	2	220	220	3	126	124	4	203	200	5	127	124	6	116	116	7	143	140	8	370	368	9	357	356	10	330	328	11	306	304
2024-04-10 16:28:38: 0	129	128	1	159	156	2	221	220	3	126	124	4	203	200	5	127	124	6	116	116	7	143	140	8	369	368	9	357	356	10	330	328	11	306	304
2024-04-10 16:28:39: 0	129	128	1	159	156	2	221	220	3	126	124	4	202	200	5	127	124	6	116	116	7	143	140	8	369	368	9	357	356	10	330	328	11	306	304
2024-04-10 16:28:39: 0	129	128	1	159	156	2	221	220	3	126	124	4	203	200	5	127	124	6	116	116	7	143	140	8	369	368	9	357	356	10	330	328	11	306	304
2024-04-10 16:28:39: 0	129	128	1	159	156	2	221	220	3	126	124	4	203	200	5	127	124	6	116	116	7	143	140	8	369	368	9	357	356	10	330	328	11	306	304
2024-04-10 16:28:39: 0	129	128	1	159	156	2	221	220	3	126	124	4	202	200	5	127	124	6	117	116	7	143	140	8	369	368	9	357	356	10	330	328	11	306	304
2024-04-10 16:28:39: 0	129	128	1	160	156	2	221	220	3	126	124	4	203	200	5	127	124	6	116	116	7	143	140	8	369	368	9	357	356	10	330	328	11	306	304
2024-04-10 16:28:39: 0	129	128	1	159	156	2	221	220	3	126	124	4	203	200	5	127	124	6	116	116	7	143	140	8	369	368	9	357	356	10	330	328	11	306	304
2024-04-10 16:28:39: 0	129	128	1	159	156	2	221	220	3	126	124	4	203	200	5	127	124	6	116	116	7	143	140	8	369	368	9	357	356	10	330	328	11	306	304
2024-04-10 16:28:39: 0	129	128	1	159	156	2	221	220	3	126	124	4	202	200	5	127	124	6	116	116	7	143	140	8	369	368	9	357	356	10	330	328	11	306	304
2024-04-10 16:28:39: 0	129	128	1	159	156	2	221	220	3	126	124	4	203	200	5	127	124	6	116	116	7	143	140	8	369	368	9	357	356	10	330	328	11	306	304
2024-04-10 16:28:40: 0	129	128	1	160	156	2	221	220	3	126	124	4	203	200	5	127	124	6	116	116	7	143	140	8	369	368	9	357	356	10	330	328	11	306	304
2024-04-10 16:28:40: 0	129	128	1	159	156	2	221	220	3	126	124	4	203	200	5	127	124	6	116	116	7	144	140	8	369	368	9	357	356	10	330	328	11	306	304
2024-04-10 16:28:40: 0	129	128	1	160	156	2	221	220	3	126	124	4	203	200	5	127	124	6	116	116	7	143	140	8	369	368	9	357	356	10	330	328	11	306	304
2024-04-10 16:28:40: 0	129	128	1	159	156	2	221	220	3	126	124	4	203	200	5	127	124	6	117	116	7	143	140	8	369	368	9	357	356	10	330	328	11	306	304
2024-04-10 16:28:40: 0	129	128	1	159	156	2	221	220	3	126	124	4	203	200	5	127	124	6	116	116	7	143	140	8	369	368	9	357	356	10	330	328	11	306	304
2024-04-10 16:28:40: 0	129	128	1	159	156	2	221	220	3	126	124	4	203	200	5	127	124	6	116	116	7	143	140	8	369	368	9	357	356	10	330	328	11	306	304
2024-04-10 16:28:40: 0	129	128	1	159	156	2	221	220	3	126	124	4	203	200	5	127	124	6	116	116	7	143	140	8	369	368	9	357	356	10	330	328	11	306	304
2024-04-10 16:28:40: 0	129	128	1	160	156	2	221	220	3	126	124	4	202	200	5	127	124	6	116	116	7	143	140	8	369	368	9	357	356	10	330	328	11	306	304
2024-04-10 16:28:40: 0	129	128	1	159	156	2	221	220	3	126	124	4	203	200	5	127	124	6	116	116	7	143	140	8	369	368	9	357	356	10	330	328	11	306	304
2024-04-10 16:28:41: 0	129	128	1	159	156	2	221	220	3	126	124	4	203	200	5	127	124	6	116	116	7	143	140	8	369	368	9	357	356	10	330	328	11	306	304
2024-04-10 16:28:41: 0	129	128	1	159	156	2	220	220	3	126	124	4	204	200	5	127	124	6	116	116	7	143	140	8	369	368	9	357	356	10	330	328	11	306	304
2024-04-10 16:28:41: 0	129	128	1	159	156	2	221	220	3	126	124	4	203	200	5	127	124	6	116	116	7	143	140	8	369	368	9	357	356	10	330	328	11	306	304
2024-04-10 16:28:41: 0	129	128	1	159	156	2	222	220	3	126	124	4	203	200	5	127	124	6	116	116	7	143	140	8	369	368	9	357	356	10	330	328	11	306	304
2024-04-10 16:28:41: 0	129	128	1	159	156	2	221	220	3	126	124	4	203	200	5	127	124	6	116	116	7	145	140	8	369	368	9	357	356	10	330	328	11	306	304
2024-04-10 16:28:41: 0	129	128	1	159	156	2	221	220	3	126	124	4	203	200	5	127	124	6	116	116	7	144	140	8	369	368	9	357	356	10	330	328	11	306	304
2024-04-10 16:28:41: 0	129	128	1	159	156	2	221	220	3	126	124	4	203	200	5	127	124	6	116	116	7	143	140	8	369	368	9	357	356	10	330	328	11	306	304
2024-04-10 16:28:41: 0	129	128	1	159	156	2	221	220	3	126	124	4	203	200	5	127	124	6	116	116	7	143	140	8	369	368	9	357	356	10	330	328	11	306	304
2024-04-10 16:28:42: 0	129	128	1	159	156	2	221	220	3	126	124	4	202	200	5	127	124	6	117	116	7	144	140	8	369	368	9	357	356	10	330	328	11	306	304
2024-04-10 16:28:42: 0	129	128	1	159	156	2	221	220	3	126	124	4	203	200	5	127	124	6	116	116	7	143	140	8	369	368	9	357	356	10	330	328	11	306	304
2024-04-10 16:28:42: 0	129	128	1	159	156	2	221	220	3	126	124	4	202	200	5	127	124	6	117	116	7	144	140	8	369	368	9	357	356	10	330	328	11	306	304
2024-04-10 16:28:42: 0	129	128	1	159	156	2	221	220	3	126	124	4	202	200	5	127	124	6	116	116	7	143	140	8	369	368	9	357	356	10	330	328	11	306	304
2024-04-10 16:28:42: 0	129	128	1	159	156	2	221	220	3	126	124	4	202	200	5	127	124	6	116	116	7	143	140	8	369	368	9	357	356	10	330	328	11	306	304
2024-04-10 16:28:42: 0	129	128	1	159	156	2	221	220	3	126	124	4	202	200	5	127	124	6	116	116	7	143	140	8	369	368	9	357	356	10	330	328	11	306	304
2024-04-10 16:28:42: 0	129	128	1	159	156	2	221	220	3	126	124	4	203	200	5	127	124	6	117	116	7	143	140	8	369	368	9	357	356	10	330	328	11	306	304
2024-04-10 16:28:42: 0	129	128	1	159	156	2	221	220	3	126	124	4	203	200	5	127	124	6	116	116	7	143	140	8	369	368	9	357	356	10	330	328	11	306	304
2024-04-10 16:28:42: 0	129	128	1	159	156	2	221	220	3	126	124	4	203	200	5	127	124	6	116	116	7	143	140	8	369	368	9	357	356	10	330	328	11	306	304
2024-04-10 16:28:43: 0	129	128	1	159	156	2	221	220	3	126	124	4	203	200	5	127	124	6	116	116	7	144	140	8	369	368	9	357	356	10	330	328	11	306	304
2024-04-10 16:28:43: 0	129	128	1	159	156	2	221	220	3	126	124	4	202	200	5	127	124	6	116	116	7	143	140	8	369	368	9	357	356	10	330	328	11	306	304
2024-04-10 16:28:43: 0	129	128	1	160	156	2	221	220	3	126	124	4	203	200	5	127	124	6	116	116	7	144	140	8	369	368	9	357	356	10	330	328	11	306	304
2024-04-10 16:28:43: 0	129	128	1	159	156	2	221	220	3	126	124	4	203	200	5	127	124	6	116	116	7	143	140	8	369	368	9	357	356	10	330	328	11	306	304
2024-04-10 16:28:43: 0	129	128	1	159	156	2	221	220	3	126	124	4	204	200	5	127	124	6	116	116	7	143	140	8	369	368	9	357	356	10	330	328	11	306	304
2024-04-10 16:28:43: 0	129	128	1	159	156	2	221	220	3	126	124	4	203	200	5	127	124	6	116	116	7	143	140	8	369	368	9	357	356	10	330	328	11	306	304
2024-04-10 16:28:43: 0	129	128	1	159	156	2	221	220	3	126	124	4	203	200	5	127	124	6	116	116	7	143	140	8	369	368	9	357	356	10	330	328	11	306	304
2024-04-10 16:28:43: 0	129	128	1	159	156	2	221	220	3	126	124	4	203	200	5	127	124	6	116	116	7	144	140	8	369	368	9	357	356	10	330	328	11	306	304
2024-04-10 16:28:44: 0	129	128	1	159	156	2	221	220	3	126	124	4	202	200	5	127	124	6	116	116	7	144	140	8	369	368	9	357	356	10	330	328	11	306	304
2024-04-10 16:28:44: 0	129	128	1	159	156	2	221	220	3	126	124	4	204	200	5	127	124	6	117	116	7	143	140	8	369	368	9	357	356	10	330	328	11	306	304
2024-04-10 16:28:44: 0	129	128	1	159	156	2	221	220	3	126	124	4	203	200	5	127	124	6	116	116	7	143	140	8	369	368	9	357	356	10	330	328	11	306	304
2024-04-10 16:28:44: 0	129	128	1	159	156	2	221	220	3	126	124	4	202	200	5	127	124	6	116	116	7	144	140	8	369	368	9	357	356	10	330	328	11	306	304
2024-04-10 16:28:44: 0	129	128	1	159	156	2	221	220	3	126	124	4	203	200	5	127	124	6	116	116	7	146	144	8	369	368	9	357	356	10	330	328	11	306	304
2024-04-10 16:28:44: 0	129	128	1	159	156	2	221	220	3	126	124	4	203	200	5	127	124	6	116	116	7	146	144	8	369	368	9	357	356	10	330	328	11	306	304
2024-04-10 16:28:44: 0	129	128	1	159	156	2	221	220	3	126	124	4	202	200	5	127	124	6	116	116	7	144	144	8	369	368	9	357	356	10	330	328	11	306	304
2024-04-10 16:28:44: 0	129	128	1	159	156	2	221	220	3	126	124	4	202	200	5	127	124	6	117	116	7	144	144	8	369	368	9	357	356	10	330	328	11	306	304
2024-04-10 16:28:44: 0	129	128	1	159	156	2	221	220	3	126	124	4	203	200	5	127	124	6	117	116	7	144	140	8	369	368	9	357	356	10	330	328	11	306	304
2024-04-10 16:28:45: 0	129	128	1	159	156	2	221	220	3	126	124	4	203	200	5	127	124	6	116	116	7	145	144	8	369	368	9	357	356	10	330	328	11	305	304
2024-04-10 16:28:45: 0	129	128	1	159	156	2	221	220	3	126	124	4	203	200	5	127	124	6	116	116	7	144	140	8	369	368	9	357	356	10	330	328	11	306	304
2024-04-10 16:28:45: 0	129	128	1	159	156	2	221	220	3	126	124	4	203	200	5	127	124	6	116	116	7	145	144	8	369	368	9	357	356	10	330	328	11	306	304
2024-04-10 16:28:45: 0	129	128	1	159	156	2	221	220	3	126	124	4	203	200	5	127	124	6	116	116	7	145	144	8	369	368	9	357	356	10	330	328	11	306	304
2024-04-10 16:28:45: 0	129	128	1	159	156	2	221	220	3	126	124	4	202	200	5	127	124	6	116	116	7	145	144	8	369	368	9	357	356	10	330	328	11	306	304
2024-04-10 16:28:45: 0	129	128	1	160	156	2	221	220	3	126	124	4	202	200	5	127	124	6	116	116	7	148	144	8	369	368	9	357	356	10	330	328	11	306	304
2024-04-10 16:28:45: 0	129	128	1	159	156	2	221	220	3	126	124	4	203	200	5	127	124	6	116	116	7	147	144	8	369	368	9	357	356	10	330	328	11	306	304
2024-04-10 16:28:45: 0	129	128	1	159	156	2	221	220	3	126	124	4	203	200	5	127	124	6	117	116	7	148	144	8	369	368	9	357	356	10	330	328	11	306	304
2024-04-10 16:28:46: 0	129	128	1	159	156	2	221	220	3	126	124	4	203	200	5	127	124	6	116	116	7	147	144	8	369	368	9	357	356	10	330	328	11	306	304
2024-04-10 16:28:46: 0	129	128	1	159	156	2	221	220	3	126	124	4	202	200	5	127	124	6	116	116	7	147	144	8	369	368	9	357	356	10	330	328	11	306	304
2024-04-10 16:28:46: 0	129	128	1	159	156	2	221	220	3	126	124	4	203	200	5	127	124	6	116	116	7	147	144	8	369	368	9	357	356	10	330	328	11	306	304
2024-04-10 16:28:46: 0	129	128	1	160	156	2	221	220	3	126	124	4	203	200	5	127	124	6	116	116	7	147	144	8	369	368	9	357	356	10	330	328	11	306	304
2024-04-10 16:28:46: 0	129	128	1	159	156	2	221	220	3	126	124	4	203	200	5	127	124	6	116	116	7	147	144	8	369	368	9	357	356	10	330	328	11	306	304
2024-04-10 16:28:46: 0	129	128	1	159	156	2	221	220	3	126	124	4	202	200	5	127	124	6	117	116	7	147	144	8	369	368	9	357	356	10	330	328	11	306	304
2024-04-10 16:28:46: 0	129	128	1	159	156	2	221	220	3	126	124	4	203	200	5	127	124	6	117	116	7	147	144	8	369	368	9	357	356	10	330	328	11	306	304
2024-04-10 16:28:46: 0	129	128	1	159	156	2	221	220	3	126	124	4	203	200	5	127	124	6	116	116	7	147	144	8	369	368	9	357	356	10	330	328	11	306	304
2024-04-10 16:28:46: 0	129	128	1	160	156	2	221	220	3	126	124	4	203	200	5	127	124	6	116	116	7	148	144	8	369	368	9	357	356	10	330	328	11	306	304
2024-04-10 16:28:47: 0	129	128	1	159	156	2	222	220	3	126	124	4	203	200	5	127	124	6	116	116	7	147	144	8	369	368	9	357	356	10	330	328	11	306	304
2024-04-10 16:28:47: 0	129	128	1	160	156	2	221	220	3	126	124	4	203	200	5	127	124	6	116	116	7	148	144	8	369	368	9	357	356	10	330	328	11	306	304
2024-04-10 16:28:47: 0	129	128	1	159	156	2	221	220	3	126	124	4	203	200	5	127	124	6	116	116	7	147	144	8	369	368	9	357	356	10	330	328	11	306	304
2024-04-10 16:28:47: 0	129	128	1	159	156	2	221	220	3	126	124	4	203	200	5	127	124	6	116	116	7	147	144	8	369	368	9	357	356	10	330	328	11	306	304
2024-04-10 16:28:47: 0	129	128	1	160	156	2	221	220	3	126	124	4	202	200	5	127	124	6	116	116	7	147	144	8	369	368	9	357	356	10	330	328	11	305	304
2024-04-10 16:28:47: 0	129	128	1	159	156	2	221	220	3	126	124	4	203	200	5	127	124	6	116	116	7	148	144	8	369	368	9	357	356	10	330	328	11	306	304
2024-04-10 16:28:47: 0	129	128	1	159	156	2	221	220	3	126	124	4	203	200	5	127	124	6	116	116	7	147	144	8	369	368	9	357	356	10	330	328	11	306	304
2024-04-10 16:28:47: 0	129	128	1	159	156	2	221	220	3	126	124	4	202	200	5	127	124	6	116	116	7	147	144	8	369	368	9	357	356	10	330	328	11	305	304
2024-04-10 16:28:47: 0	129	128	1	159	156	2	221	220	3	126	124	4	203	200	5	127	124	6	116	116	7	148	144	8	369	368	9	357	356	10	330	328	11	306	304
2024-04-10 16:28:48: 0	129	128	1	159	156	2	221	220	3	126	124	4	203	200	5	127	124	6	116	116	7	147	144	8	369	368	9	357	356	10	330	328	11	306	304
